Coefficient list: 2.4531133444579503e-19
1.879330528921835e-19
6.368508201064252e-20
1.169637943960508e-19
2.10066288124509e-19
2.8549184166744556e-20
0.17713191066495307
3.1964087009862856e-18
1.7696916569763816e-19
9.096988269035268e-22
0.14414593080502922
0.07496663526198138
0.1849862276831972
0.3199672172222909
0.00468085695142436
0.003932299548268715
0.07655230846588558
1.5725745696784145e-10
6.039147346325185e-16
5.050116225360691e-17
9.255691274374484e-18
7.928545999876048e-17
1.2918038721505535e-17
1.2227205416393028e-15
1.860018629982843e-16
3.4092368793171178e-16
2.792413214096289e-17
1.4581362359961416e-16
1.3987215682853703e-16
0.011526575321247304
